0.496582089033 0.000000000000
0.620188690357 0.000000000000
0.751801901830 0.000000000000
0.875872863157 0.000000000000
0.997928749999 0.014742000000
1.122118279981 0.121960000000
1.251163868810 0.134918571429
1.375502081642 0.149451250000
1.499277468622 0.145611111111
1.627342167131 0.303034000000
1.755363015003 0.322543636364
1.871334127188 0.362161666667
2.004236413027 0.400876153846
2.105089307458 0.441704285714
2.196504618859 0.395895333333
2.373380207084 0.506215000000
2.502659583301 0.521668823529
2.626786497624 0.553032222222
2.751199549556 0.564842105263
