0.496582089033 0.000000000000
0.620188690357 0.000000000000
0.751801901830 0.000000000000
0.875872863157 0.000000000000
0.997928749999 0.024690000000
1.122118279981 0.034140000000
1.251163868810 0.326680000000
1.375502081642 0.504250000000
1.499277468622 0.670770000000
1.627342167131 0.680490000000
1.755363015003 0.850470000000
1.871334127188 0.893030000000
2.004236413027 0.919170000000
2.105089307458 0.938100000000
2.196504618859 0.983470000000
2.373380207084 0.989300000000
2.502659583301 0.984840000000
2.626786497624 0.994650000000
2.751199549556 0.995700000000
