0.496582089033 0.000000000000
0.620188690357 0.000000000000
0.751801901830 0.000000000000
0.875872863157 0.000000000000
0.997928749999 0.020180000000
1.122118279981 0.051780000000
1.251163868810 0.218650000000
1.375502081642 0.455370000000
1.499277468622 0.601115000000
1.627342167131 0.730555000000
1.755363015003 0.775080000000
1.871334127188 0.890550000000
2.004236413027 0.910305000000
2.105089307458 0.931665000000
2.196504618859 0.952290000000
2.373380207084 0.988555000000
2.502659583301 0.971990000000
2.626786497624 0.994575000000
2.751199549556 0.995830000000
