0.496582089033 0.000000000000
0.620188690357 0.000000000000
0.751801901830 0.000000000000
0.875872863157 0.000000000000
0.997928749999 0.027069446890
1.122118279981 0.117743422239
1.251163868810 0.203523786544
1.375502081642 0.274945315484
1.499277468622 0.346068917715
1.627342167131 0.356169688785
1.755363015003 0.412115678823
1.871334127188 0.438012764335
2.004236413027 0.479185024183
2.105089307458 0.498227145154
2.196504618859 0.546167636705
2.373380207084 0.553809634261
2.502659583301 0.584772194780
2.626786497624 0.601713030458
2.751199549556 0.625263709171
