0.496582089033 0.000000000000
0.620188690357 0.000000000000
0.751801901830 0.000000000000
0.875872863157 0.000000000000
0.997928749999 0.026291508259
1.122118279981 0.122013321279
1.251163868810 0.217835734417
1.375502081642 0.291239222182
1.499277468622 0.372986143414
1.627342167131 0.384658339136
1.755363015003 0.437771549462
1.871334127188 0.473766519085
2.004236413027 0.510228922441
2.105089307458 0.535782202946
2.196504618859 0.588912519227
2.373380207084 0.586729856637
2.502659583301 0.613967450933
2.626786497624 0.630637604988
2.751199549556 0.650981765632
