0.496582089033 0.000000000000
0.620188690357 0.000000000000
0.751801901830 0.000000000000
0.875872863157 0.000000000000
0.997928749999 0.026297873996
1.122118279981 0.118021317076
1.251163868810 0.207014409446
1.375502081642 0.281368860807
1.499277468622 0.352232937540
1.627342167131 0.364417090102
1.755363015003 0.420553529705
1.871334127188 0.448926599877
2.004236413027 0.490060055894
2.105089307458 0.506964308533
2.196504618859 0.556091751032
2.373380207084 0.565935339740
2.502659583301 0.595053024527
2.626786497624 0.607947989927
2.751199549556 0.631447744972
