0.496582089033 0.000000000000
0.620188690357 0.000000000000
0.751801901830 0.000000000000
0.875872863157 0.000000000000
0.997928749999 0.026475592657
1.122118279981 0.126921885771
1.251163868810 0.221557217230
1.375502081642 0.292449485998
1.499277468622 0.367882555614
1.627342167131 0.380999266575
1.755363015003 0.433950469103
1.871334127188 0.462750200160
2.004236413027 0.501358265838
2.105089307458 0.518321235660
2.196504618859 0.564812597294
2.373380207084 0.570966398989
2.502659583301 0.601728236557
2.626786497624 0.613910880912
2.751199549556 0.639629177262
