0.496582089033 0.000000000000
0.620188690357 0.000000000000
0.751801901830 0.000000000000
0.875872863157 0.000000000000
0.997928749999 0.027151510771
1.122118279981 0.125292210555
1.251163868810 0.220438374207
1.375502081642 0.294786394108
1.499277468622 0.366833523010
1.627342167131 0.379569452271
1.755363015003 0.432695710718
1.871334127188 0.461561427328
2.004236413027 0.501240835957
2.105089307458 0.516801014271
2.196504618859 0.564461981034
2.373380207084 0.571441183929
2.502659583301 0.601125480873
2.626786497624 0.615213254462
2.751199549556 0.638149163939
