0.496582089033 0.000000000000
0.620188690357 0.000000000000
0.751801901830 0.000000000000
0.875872863157 0.000000000000
0.997928749999 0.027071773312
1.122118279981 0.124070148776
1.251163868810 0.220631801542
1.375502081642 0.295203690546
1.499277468622 0.367602808425
1.627342167131 0.381004726833
1.755363015003 0.436462595924
1.871334127188 0.458765827536
2.004236413027 0.499427661375
2.105089307458 0.516620401455
2.196504618859 0.565042239125
2.373380207084 0.570618644322
2.502659583301 0.602564997557
2.626786497624 0.613383308346
2.751199549556 0.635968861940
